[2.6864141638327632e-05, 4.0357088608979766e-05, 2.8595277729813612e-06, 5350110.4827272231]
[2.6864164214410413e-05, 4.0357726619381153e-05, 2.8588660808317678e-06, 5351486.9213180672]
[2.6864199807338876e-05, 4.0357586729558446e-05, 2.8596221623545026e-06, 5349728.1070790309]
[2.686413265173046e-05, 4.0357206019665127e-05, 2.8598290825755182e-06, 5350667.9121922841]
[2.6864222254526112e-05, 4.0357183139598938e-05, 2.8589927405958911e-06, 5350188.1870530071]
[2.6864160294954778e-05, 4.0357705512289865e-05, 2.8595487945430316e-06, 5350935.4183190307]
[2.6864158633405317e-05, 4.0357839638362879e-05, 2.8591254590468147e-06, 5350317.5837513199]
[2.6864147835969001e-05, 4.0357809115639052e-05, 2.8593087015745941e-06, 5349919.731347464]
[2.6864144047700386e-05, 4.0357602488516705e-05, 2.8591876404838474e-06, 5350966.2225431269]
[2.6864153907922894e-05, 4.0357587878964421e-05, 2.8589452584918567e-06, 5350240.937576863]
[2.6864174593996025e-05, 4.0357520580235711e-05, 2.8591840626101116e-06, 5350881.2770327656]
[2.6864181490766811e-05, 4.0357441486081742e-05, 2.859207509010145e-06, 5351376.2630751757]
[2.6864154971740765e-05, 4.0357429688823137e-05, 2.8591057029674806e-06, 5351181.8680530069]
[2.6864138643024391e-05, 4.0356982675464287e-05, 2.8595226002628645e-06, 5350757.8009840911]
[2.6864154806869047e-05, 4.0357723155225379e-05, 2.8589806721060077e-06, 5350646.91805638]
[2.68642314379611e-05, 4.0357709978648585e-05, 2.8591676899591141e-06, 5350084.9427628862]
[2.6864204770332817e-05, 4.0357047249606754e-05, 2.8588472996798128e-06, 5349994.9171783077]
[2.686421433220511e-05, 4.0357053564355323e-05, 2.8595692158845717e-06, 5351628.3611657778]
[2.6864181953072156e-05, 4.035762442595105e-05, 2.8589436025925485e-06, 5351317.8842289113]
[2.6864190735384212e-05, 4.0357670817340945e-05, 2.858973973625727e-06, 5349704.4283580668]
[2.6864156905861336e-05, 4.0357625207093975e-05, 2.8597840476104723e-06, 5351525.1877493924]
[2.6864131646918104e-05, 4.0357131073655036e-05, 2.8596720217545306e-06, 5350273.0776308384]
[2.6864214236077679e-05, 4.0357776320793647e-05, 2.859406625540719e-06, 5351482.2063836083]
[2.6864225662065944e-05, 4.0357224295201566e-05, 2.8596079506010427e-06, 5350206.523100717]
[2.6864158638904858e-05, 4.0357324231810075e-05, 2.8595134833497587e-06, 5351209.6007946935]
[2.686415193335777e-05, 4.0357070922953837e-05, 2.8594655421551231e-06, 5351169.0377527662]
[2.6864191074751852e-05, 4.0357550748248107e-05, 2.8593377907707097e-06, 5349808.8837489104]
[2.6864203339191292e-05, 4.0357701238806368e-05, 2.8590883914444769e-06, 5350424.9303166214]
[2.6864218061124488e-05, 4.0357156021666059e-05, 2.8589899276203064e-06, 5350592.8618616816]
[2.6864198692077361e-05, 4.0356900583555956e-05, 2.859803429164173e-06, 5350613.4346327651]
[2.6864216246848132e-05, 4.0357244751888753e-05, 2.8598108042613507e-06, 5350234.7558361394]
[2.6864212073267776e-05, 4.0356828108682882e-05, 2.8594770404130506e-06, 5351094.5350240916]
[2.6864228090916243e-05, 4.0356910073586638e-05, 2.8597723820231902e-06, 5351137.4812761387]
[2.6864183899681269e-05, 4.0357110486192366e-05, 2.8591932350351296e-06, 5350008.1177884284]
[2.6864194288203638e-05, 4.03575138214722e-05, 2.8597973076631224e-06, 5351519.3437898736]
[2.6864146679231765e-05, 4.0357482544916805e-05, 2.859124859021188e-06, 5351305.9787339708]
[2.6864132749003629e-05, 4.0357509619534445e-05, 2.8591798090761792e-06, 5350987.2856139708]
[2.6864206281332286e-05, 4.0357638747263734e-05, 2.8594137896215473e-06, 5350972.7263392713]
[2.6864177131462302e-05, 4.0357245026996272e-05, 2.8592808114636678e-06, 5350984.6432515606]
[2.6864142458103279e-05, 4.0357789793439504e-05, 2.8597602661809209e-06, 5350932.1897942116]
[2.6878985674543978e-05, 4.0318863643886579e-05, 2.7909866405994565e-06, 5394056.9666192811]
[2.6878956744197426e-05, 4.0318881970076361e-05, 2.791268396928537e-06, 5394232.5919498848]
[2.6879002972096535e-05, 4.0319063945088622e-05, 2.7904744938129381e-06, 5393353.92609639]
[2.6878976247868785e-05, 4.0319215441792612e-05, 2.7910751608941715e-06, 5393140.3281696439]
[2.6878955249238288e-05, 4.0319385670382598e-05, 2.7910573635272609e-06, 5394232.0482255463]
[2.6878939098569622e-05, 4.0319355583223976e-05, 2.7907499825880654e-06, 5394101.4369797641]
[2.6878982634442374e-05, 4.0318608279708866e-05, 2.7907411592638094e-06, 5394063.3355614506]
[2.6878984970144166e-05, 4.0319577240964031e-05, 2.7906763376125635e-06, 5393675.8203826547]
[2.6878953514819879e-05, 4.0318926828675116e-05, 2.7903585807283387e-06, 5393510.7059069918]
[2.6879022111308588e-05, 4.0319246746708641e-05, 2.7911142967029984e-06, 5392885.9211894022]
[2.6879016400262212e-05, 4.0319557688827029e-05, 2.7910025801357087e-06, 5393025.1014790405]
