[2.6864934308573429e-05, 4.0390391195732571e-05, 2.7788837811854635e-06, 5440726.375666989]
[2.6863052782293859e-05, 4.0358648085256348e-05, 2.857310647129615e-06, 5344830.4335171077]
[2.6869293813712461e-05, 4.035071049330053e-05, 2.9044169387127917e-06, 5455674.0336086722]
[2.686944671435415e-05, 4.0214683878394742e-05, 2.9088495828178134e-06, 5230769.6753595211]
[2.6875346384437442e-05, 4.0377223253946502e-05, 2.9266053425876047e-06, 5690641.9774361402]
[2.6869480386061466e-05, 4.0261880829678848e-05, 2.8583412904102023e-06, 5310892.5319060264]
[2.6876483495084733e-05, 4.037012938185663e-05, 2.9238210971583592e-06, 5523183.1213108441]
[2.6862915780499896e-05, 4.02954055738766e-05, 2.9813608936322028e-06, 5502875.999563368]
[2.6879029267138719e-05, 4.0266656009011907e-05, 2.9266801620061263e-06, 5076975.9222033732]
[2.6853495262991759e-05, 4.0132483564581547e-05, 2.7936736874624939e-06, 5433911.673478554]
[2.6873673283081138e-05, 4.0337821933197261e-05, 2.8525202747418614e-06, 5578497.6528751906]
[2.6872086183493938e-05, 4.0349632004204521e-05, 2.7311439776029737e-06, 5382864.5401262678]
[2.6863870674119262e-05, 4.0091568782558073e-05, 2.7723781546538727e-06, 5512868.2092486722]
[2.6866303846515175e-05, 4.0363902921665319e-05, 2.7751970218459113e-06, 5378663.0629200013]
[2.6866274567978796e-05, 4.036345219576949e-05, 2.7756356420966156e-06, 5378888.4398891591]
[2.6863964017751507e-05, 4.0186917516519193e-05, 3.0085439325072531e-06, 5375335.0535383113]
[2.6862358933649202e-05, 4.0344983537219704e-05, 2.8673049464558049e-06, 5717658.0495489249]
[2.6871274961430148e-05, 4.0225240264706339e-05, 2.928888750046863e-06, 5505572.1335508386]
[2.6871153800764595e-05, 4.0348961342798296e-05, 2.9459240259369106e-06, 5457180.6624718094]
[2.6873134714903951e-05, 4.030844532942959e-05, 2.9598002715669203e-06, 5481345.8001527656]
[2.6883333135612334e-05, 4.0201229739553218e-05, 2.9529624294670086e-06, 5310509.2243701192]
[2.686958814377963e-05, 4.0339908347740722e-05, 2.8775029605430749e-06, 5522541.9636592725]
[2.6878544322929757e-05, 4.0225484713449122e-05, 2.6680287207639514e-06, 5574354.1318891561]
[2.6879857905638339e-05, 4.0391179982268564e-05, 2.9683659655584191e-06, 5402542.8011850538]
[2.687985819997847e-05, 4.0391161898027435e-05, 2.9684127743520063e-06, 5403592.2671387894]
[2.6879833137873054e-05, 4.0390786866298232e-05, 2.9685011969339925e-06, 5402950.0418814393]
[2.6879847037280832e-05, 4.0390512893452303e-05, 2.9692674831816966e-06, 5403113.1867566202]
[2.6879834788538003e-05, 4.0390325061950364e-05, 2.9692355215021896e-06, 5402844.8428549329]
[2.6879856788314495e-05, 4.0390762624082446e-05, 2.9683759474318851e-06, 5403356.6877985476]
[2.6879831894288866e-05, 4.0391178555838247e-05, 2.9682340232909224e-06, 5403726.7219383065]
[2.6879858428553228e-05, 4.0391171320445521e-05, 2.9690586346801765e-06, 5402357.3397002351]
[2.6879860126766314e-05, 4.0390445064399022e-05, 2.9690749072725415e-06, 5403770.5169518013]
[2.6879853124473045e-05, 4.0390787556085428e-05, 2.9682945530245839e-06, 5403548.5068081869]
[2.6873170916109924e-05, 4.0352620403524408e-05, 2.7854695399297529e-06, 5508368.837635668]
[2.6873131403725827e-05, 4.0352298671066024e-05, 2.7851473870237591e-06, 5508758.9775122944]
[2.6873120268869626e-05, 4.0351819158450375e-05, 2.7856612632599477e-06, 5509054.7458872339]
[2.6873126046483389e-05, 4.0352159816884637e-05, 2.7857915417837865e-06, 5509071.7889739806]
[2.6873153875890157e-05, 4.0352173368152553e-05, 2.7857593811551718e-06, 5508193.8159166314]
[2.6860377037728364e-05, 4.0284518061891423e-05, 2.8646896964317693e-06, 5408096.1109783147]
[2.6860408014592399e-05, 4.0284868574528364e-05, 2.8646962311487753e-06, 5407990.8346154233]
[2.6860394330354242e-05, 4.0284593183344237e-05, 2.8638822306910759e-06, 5408263.2661436163]
[2.6860437432679682e-05, 4.0284604495341976e-05, 2.8646777624820417e-06, 5407336.9789566286]
[2.6860442006008075e-05, 4.0285012338300972e-05, 2.8643878248659848e-06, 5406893.2201913269]
[2.6860373980440685e-05, 4.0285210631022516e-05, 2.8640319447327198e-06, 5407303.8535638582]
[2.6860404733542061e-05, 4.0284484369574569e-05, 2.8646080607150793e-06, 5407560.375123376]
[2.6860357545399809e-05, 4.0284860592818561e-05, 2.8647504433618559e-06, 5408478.7871397613]
[2.6860417818788309e-05, 4.0284547394054979e-05, 2.8647220389637782e-06, 5407955.3277359055]
[2.686040836816719e-05, 4.0284656912672319e-05, 2.8638238573443736e-06, 5407670.71820434]
[2.6860380526157304e-05, 4.028493618931163e-05, 2.8637713642910709e-06, 5408649.3423055438]
[2.6860403193097118e-05, 4.0284318219350585e-05, 2.8638829050679472e-06, 5407358.6182804843]
[2.6860356697668154e-05, 4.0284442677791331e-05, 2.8638366692111381e-06, 5408328.4408978336]
[2.6864217054129846e-05, 4.0390864477878318e-05, 2.9181430925599621e-06, 5450999.3741166266]
[2.6864227156675976e-05, 4.0391224526551329e-05, 2.9181352453437415e-06, 5452686.4341922896]
[2.6859676364932467e-05, 4.0226481041947707e-05, 2.9459703530268571e-06, 5411206.4730424099]
[2.6859699570025489e-05, 4.0226639634755424e-05, 2.9461331825656312e-06, 5410434.12468482]
[2.6859703157560781e-05, 4.0227019677988798e-05, 2.9455380219421943e-06, 5411583.2195065059]
[2.6859687258725361e-05, 4.0226502956706764e-05, 2.9461032682938802e-06, 5411757.7061180724]
[2.6859648199709848e-05, 4.0226316307732892e-05, 2.9459648073550798e-06, 5411435.2308395179]
[2.6859743934725222e-05, 4.0226672588712743e-05, 2.9463956388887547e-06, 5410960.7313995175]
[2.6859729338708647e-05, 4.0227155525419989e-05, 2.9459435625012943e-06, 5411611.9828255428]
[2.6859671766397834e-05, 4.0226393018942915e-05, 2.9462746835136258e-06, 5411695.7161580725]
[2.6859647004819534e-05, 4.0226987189531649e-05, 2.9455035435827687e-06, 5411333.897124338]
[2.685965296999063e-05, 4.0227182506884977e-05, 2.9461618175020823e-06, 5411970.8499359041]
[2.6859944495692717e-05, 4.0307735193278169e-05, 2.7446187691672023e-06, 5483537.4030915666]
[2.6859985014951496e-05, 4.0307730537528005e-05, 2.7440093595193583e-06, 5482706.7239267472]
[2.6859939367139614e-05, 4.0306726822166902e-05, 2.7447706203117519e-06, 5482870.3136477116]
[2.6860011876782398e-05, 4.0306959768869933e-05, 2.7447881351410232e-06, 5481708.7476337356]
[2.6860029218789592e-05, 4.0307141521106817e-05, 2.7444824555420233e-06, 5483614.2082472295]
[2.6859988890639936e-05, 4.030774217192602e-05, 2.7446609720463548e-06, 5482010.0049532531]
[2.6859977812268625e-05, 4.0306953407080426e-05, 2.744433741113512e-06, 5482168.6990009639]
[2.6859944662970486e-05, 4.0306800486391585e-05, 2.744613903759313e-06, 5483272.8219604827]
[2.6860016144657002e-05, 4.030709804863962e-05, 2.744127251999127e-06, 5483476.5901956623]
[2.6859970275946802e-05, 4.0307520427846108e-05, 2.74401076928702e-06, 5481849.162289639]
[2.6860023453435229e-05, 4.0307708025860487e-05, 2.744165294333338e-06, 5482680.5454525305]
[2.6860027036272994e-05, 4.0306945324351611e-05, 2.7445601219687753e-06, 5483346.330302651]
[2.685993744333069e-05, 4.03070421874728e-05, 2.744342038481185e-06, 5482354.0107677113]
[2.6860028289710527e-05, 4.0307005136782695e-05, 2.7441165123080535e-06, 5483324.7991204821]
[2.6859996787640125e-05, 4.0306972455379497e-05, 2.7442654786330907e-06, 5482815.2738375906]
[2.6860006667340183e-05, 4.0307582153461835e-05, 2.7439035160191096e-06, 5482474.1189137353]
[2.6859988566625185e-05, 4.030759139375575e-05, 2.7439511014769595e-06, 5482317.1314366274]
[2.6859932163425576e-05, 4.0307270743219502e-05, 2.7440566947929867e-06, 5481766.3550549401]
[2.6859931326807579e-05, 4.0307173942483042e-05, 2.7441846692749461e-06, 5482390.0094549395]
[2.6859967330024877e-05, 4.0307353574169975e-05, 2.7444982589921767e-06, 5482941.6718660239]
[2.68599431848537e-05, 4.0306733109827534e-05, 2.7446388490317237e-06, 5482487.6000028923]
[2.6859966923975276e-05, 4.0307067163719646e-05, 2.7441536927680489e-06, 5481939.3322067466]
[2.685998420227943e-05, 4.0307523044478245e-05, 2.7445624631352706e-06, 5482416.5606086738]
[2.6859991407597498e-05, 4.030680401265706e-05, 2.7447477898624398e-06, 5483245.4345397595]
[2.68599973241893e-05, 4.0307003272478458e-05, 2.7443022519194262e-06, 5482859.3148626508]
[2.6859999726573052e-05, 4.0306764610159804e-05, 2.7447656113523118e-06, 5481737.7882004818]
[2.6859953785223054e-05, 4.0307220119628117e-05, 2.7441996582633961e-06, 5482470.816499277]
[2.6859998394423306e-05, 4.0306790799347843e-05, 2.7439267757187324e-06, 5482605.3180453014]
[2.6860028832675837e-05, 4.0307012368589543e-05, 2.7446541985637299e-06, 5483179.6880563851]
[2.6859984021023652e-05, 4.0306909552695662e-05, 2.7441100582324419e-06, 5481857.9368457831]
[2.6859966951243842e-05, 4.0306987447688385e-05, 2.7443471984621518e-06, 5482663.6094303615]
[2.6859995060783586e-05, 4.0307532410516877e-05, 2.7438542872935553e-06, 5482920.6824693978]
[2.6881799382919531e-05, 4.0420881761441541e-05, 2.7070989662728989e-06, 5367703.746419278]
[2.6881782667974825e-05, 4.0420569773219656e-05, 2.7075625563509709e-06, 5366965.7453262666]
[2.6881719411427903e-05, 4.042105781870858e-05, 2.7071288070222129e-06, 5366269.0873171091]
[2.68775540685459e-05, 4.0209186828416054e-05, 2.7474807212370674e-06, 5484082.1087113256]
[2.6877562805830447e-05, 4.0208523068261378e-05, 2.7473066274321837e-06, 5483926.7853667466]
[2.6866831481892338e-05, 4.0376484335117986e-05, 2.9979520934084093e-06, 5601568.866018801]
[2.6866867101058205e-05, 4.0375894744618523e-05, 2.9977053997712437e-06, 5601490.9714756692]
[2.6866807315639581e-05, 4.037603775817241e-05, 2.9977581665365674e-06, 5600557.9454674758]
[2.6866840867435533e-05, 4.0376610212764691e-05, 2.9978152454109643e-06, 5600645.8504409697]
[2.6866778030343351e-05, 4.0375942927846818e-05, 2.9970594357712286e-06, 5600454.2393132588]
[2.6866811297652519e-05, 4.037632377823594e-05, 2.9976849663137834e-06, 5600856.4626231389]
[2.6866862833641896e-05, 4.0376897003202525e-05, 2.9976415359008304e-06, 5602072.177247717]
[2.6866854742897385e-05, 4.0376746687577736e-05, 2.9969273711206725e-06, 5601836.2883465122]
[2.6866814010187584e-05, 4.0376810083283149e-05, 2.9970219947449915e-06, 5601210.7130313311]
[2.6866830838102073e-05, 4.0376815782243475e-05, 2.997915801248922e-06, 5600380.4373513311]
[2.6866795425283647e-05, 4.0376913481020631e-05, 2.9971075501708844e-06, 5601115.962818319]
[2.6866838470207605e-05, 4.0376881997426755e-05, 2.9973541676271637e-06, 5600591.1869725361]
[2.6866839242435116e-05, 4.037664842180519e-05, 2.9970997667795675e-06, 5600710.5659161508]
[2.6866778914394904e-05, 4.0376473475387336e-05, 2.9978272294404405e-06, 5600344.5780419335]
[2.6866871528190412e-05, 4.0376092146933314e-05, 2.9977576092581564e-06, 5602217.2790486803]
[2.6866865620764517e-05, 4.0376754371070108e-05, 2.9975691567240025e-06, 5601051.5771537414]
[2.6866790262129251e-05, 4.0376412397778342e-05, 2.9976858552572419e-06, 5601347.314723379]
[2.6866823086725201e-05, 4.0376718071353261e-05, 2.9978547943895812e-06, 5600955.0326934997]
[2.6866818279322502e-05, 4.037631643441675e-05, 2.997289804096895e-06, 5601530.3912747046]
[2.6866870312333089e-05, 4.0376111369275592e-05, 2.9975905905654359e-06, 5602064.0713604884]
[2.6866782513616726e-05, 4.0376272530602226e-05, 2.9972411556611852e-06, 5601471.257590849]
[2.6866790337518822e-05, 4.0376264397330508e-05, 2.9978749340482348e-06, 5601751.144648199]
[2.6866783905001133e-05, 4.0376627151495403e-05, 2.9976119812784854e-06, 5601837.9587262701]
[2.6880543869812362e-05, 4.030105122837774e-05, 2.8259415261512259e-06, 5467041.2333402419]
[2.6880521792698547e-05, 4.0301292836974503e-05, 2.8259982077485468e-06, 5467703.5274973502]
[2.6880514252252066e-05, 4.0301298907884954e-05, 2.8261083512650691e-06, 5468060.3972178325]
[2.6880514091275857e-05, 4.0300878571972529e-05, 2.8260151483417456e-06, 5467319.9312698813]
[2.6880471861315446e-05, 4.030041918147976e-05, 2.8255068144954925e-06, 5466786.867074701]
[2.6880514482316287e-05, 4.0301320073235568e-05, 2.8257289993332543e-06, 5466872.0672134962]
[2.688052936362166e-05, 4.0301069115537511e-05, 2.8258929808018982e-06, 5467311.3256043391]
[2.6880482536959795e-05, 4.0300788682591847e-05, 2.8257591613111246e-06, 5467110.8283320498]
[2.6880561632763754e-05, 4.0300503948346863e-05, 2.82579259309958e-06, 5466766.2184751825]
[2.6880518046707667e-05, 4.0300742268788762e-05, 2.8252808325490741e-06, 5467824.9835368684]
[2.6880482467298914e-05, 4.0301145800918843e-05, 2.8255134462690373e-06, 5467216.7834886769]
[2.6880516976473664e-05, 4.0301301592952576e-05, 2.8257989502321212e-06, 5467515.8637566287]
[2.6880484511754068e-05, 4.030126931785642e-05, 2.825951779308197e-06, 5466810.7573397616]
[2.6880559297520258e-05, 4.030067916175623e-05, 2.8258454077279098e-06, 5466684.5837807246]
[2.6880556638491163e-05, 4.0301236443676981e-05, 2.8257752823800929e-06, 5466989.9173093988]
[2.6880563215028137e-05, 4.030090979569875e-05, 2.8259745362892669e-06, 5466870.8365094]
[2.6880479473485133e-05, 4.0301164578055054e-05, 2.8260061278858449e-06, 5467569.8508009659]
[2.688057422350942e-05, 4.0301189718420308e-05, 2.8256519970388612e-06, 5466936.601519037]
[2.6880486846882988e-05, 4.0300959075282934e-05, 2.8255407820224004e-06, 5467321.2636530139]
[2.6880517529177746e-05, 4.0300932947849865e-05, 2.8254937443345366e-06, 5466864.0076419292]
[2.6880508023446621e-05, 4.0300376884763358e-05, 2.8261113163785398e-06, 5467385.3354481952]
[2.6880572926075539e-05, 4.0301191408985632e-05, 2.825857383363843e-06, 5467161.9935677117]
[2.6880570023462514e-05, 4.0301205901101269e-05, 2.8260478647799963e-06, 5466644.9403739776]
[2.688057273691417e-05, 4.0300329495181211e-05, 2.8253179510240874e-06, 5466770.1048978334]
[2.6880527693250011e-05, 4.0301204455104993e-05, 2.8256384714321778e-06, 5467636.9350530133]
[2.6880482574540007e-05, 4.0301083586960086e-05, 2.825184425496168e-06, 5468137.0847532535]
[2.6880475483108307e-05, 4.0300538054272744e-05, 2.8259319955441014e-06, 5466462.2806636151]
[2.6880543716970895e-05, 4.0300960432802282e-05, 2.8256126602484503e-06, 5466961.1063821716]
[2.6880542034798142e-05, 4.0300360253668514e-05, 2.8258204703189058e-06, 5466486.211427954]
[2.6880516842422301e-05, 4.0300823763265483e-05, 2.8258020038710398e-06, 5467397.4884626511]
[2.6880525203446441e-05, 4.0300451177262756e-05, 2.8256001047536963e-06, 5466541.3940626523]
[2.6880477591495648e-05, 4.0300950971642311e-05, 2.8257385046403063e-06, 5468249.1507768687]
[2.6880502352157356e-05, 4.0300597894594942e-05, 2.8255547017897583e-06, 5467555.4558930146]
[2.6880499544067729e-05, 4.0301014165121827e-05, 2.8259046479265443e-06, 5466592.7624409655]
[2.688057226177656e-05, 4.0300800292911459e-05, 2.8260745648244781e-06, 5467845.8652226515]
[2.6880573715374548e-05, 4.0300481723272095e-05, 2.8256366251551695e-06, 5468018.165088675]
[2.6880484124838295e-05, 4.0301289271117801e-05, 2.8255055920340353e-06, 5467721.7080106037]
[2.6868159765308484e-05, 4.0370540681255865e-05, 3.0016894334831511e-06, 5520545.133270843]
[2.6868153695760641e-05, 4.0370123510612207e-05, 3.0014160272046326e-06, 5519426.0686631314]
[2.6868127284204834e-05, 4.0370966435653999e-05, 3.0017697345910125e-06, 5519669.3043055404]
[2.6868984282767661e-05, 4.0335038597068344e-05, 2.8092267674171726e-06, 5152160.5256684348]
[2.6868995802362733e-05, 4.0334826381571676e-05, 2.8099072338970641e-06, 5152290.7504477119]
[2.6869006129817258e-05, 4.0335356460197554e-05, 2.8096478181355551e-06, 5152149.8948236154]
[2.6868994114919586e-05, 4.033509772387447e-05, 2.8095827536965759e-06, 5151559.5687436163]
[2.6868946240136462e-05, 4.0334733619887167e-05, 2.8097806355353802e-06, 5151569.447120483]
[2.6868956621898979e-05, 4.0335029959958931e-05, 2.8095761138208692e-06, 5151329.9203932546]
[2.6869020738895247e-05, 4.0335096963892793e-05, 2.8094439143946225e-06, 5152380.6717681941]
[2.6868984267071049e-05, 4.0335492989793593e-05, 2.8097880927526195e-06, 5151573.31264723]
[2.6868984755270076e-05, 4.0334618361996329e-05, 2.810209325941484e-06, 5151218.6072684349]
[2.6868980786203979e-05, 4.0335324081783212e-05, 2.8101494420654214e-06, 5150709.0421325313]
[2.6868993656509752e-05, 4.0335102359018701e-05, 2.8101980707730601e-06, 5151984.530027953]
[2.6869038348776021e-05, 4.0335206542066652e-05, 2.80981873867261e-06, 5151059.4050409654]
[2.6869007877182508e-05, 4.0335439504088741e-05, 2.8101095528141231e-06, 5151830.7450096393]
[2.6869034873293919e-05, 4.03348676072745e-05, 2.8095240351409967e-06, 5151125.0395050608]
[2.6868947750219343e-05, 4.0335641805347711e-05, 2.8099474106010048e-06, 5152107.4399484349]
[2.6868946600814834e-05, 4.0334852020633297e-05, 2.8094234070720457e-06, 5151058.3010048196]
[2.686894412304151e-05, 4.0334954310976227e-05, 2.8094581663597769e-06, 5151575.1348992782]
[2.6869035348889827e-05, 4.0334942678637512e-05, 2.8094049530259817e-06, 5151681.4170660246]
[2.6868982639435435e-05, 4.0335204450931106e-05, 2.8094601603584227e-06, 5151314.1420472302]
[2.686898176225831e-05, 4.0335354917587588e-05, 2.8095121936617521e-06, 5152245.5881527727]
[2.686896067231248e-05, 4.0334704211725985e-05, 2.8097065791701196e-06, 5151943.7952949405]
[2.6868992581578223e-05, 4.0335459839770224e-05, 2.8093423274226867e-06, 5152490.6122260252]
[2.6869037770521977e-05, 4.0335006815435626e-05, 2.8102489953281026e-06, 5151938.7154361457]
[2.686902040411056e-05, 4.0334979716320322e-05, 2.8092573524037499e-06, 5151613.0874612061]
[2.6868968632786567e-05, 4.0335593123368636e-05, 2.8095298590476811e-06, 5151321.1712568682]
[2.6869011166138438e-05, 4.0335442661702533e-05, 2.8092114718026987e-06, 5150929.6242457842]
[2.6868980473073744e-05, 4.0335038588743853e-05, 2.8099295780916044e-06, 5151726.4040077114]
[2.6869019668088372e-05, 4.0335205126390496e-05, 2.8100862313795708e-06, 5151591.2363778325]
[2.6868965758816994e-05, 4.0335269246085319e-05, 2.8092271198018712e-06, 5151919.5054226518]
[2.6868944433078256e-05, 4.033556414787578e-05, 2.8101831203207104e-06, 5152053.0352014471]
[2.6868992169112487e-05, 4.0334696345523612e-05, 2.8094660193323902e-06, 5151888.7658250611]
[2.6869000455892797e-05, 4.0335326810223976e-05, 2.809705345809986e-06, 5151480.6216501212]
[2.6868944348408205e-05, 4.0334989679208184e-05, 2.8098544704097469e-06, 5151475.8451050613]
[2.6868996882679233e-05, 4.0334754147200739e-05, 2.8093360077787839e-06, 5152572.754669399]
[2.6868969327218458e-05, 4.0334780667043295e-05, 2.8098726187521385e-06, 5152373.4497561455]
[2.6868957930675664e-05, 4.0335311554955472e-05, 2.8100946601285636e-06, 5151118.7636250611]
[2.686903005088205e-05, 4.0335617348966109e-05, 2.8100392945139857e-06, 5152147.0669831336]
[2.6868962906616446e-05, 4.0335445741084707e-05, 2.8094422449040134e-06, 5151471.1620530132]
[2.6869034238211265e-05, 4.0334792137903629e-05, 2.8093034197210069e-06, 5151889.6781359054]
[2.6868987606095737e-05, 4.0335547057074173e-05, 2.8100093612936275e-06, 5150887.7253739769]
[2.6869016409265355e-05, 4.033562647227961e-05, 2.8099854694641964e-06, 5152352.0874645794]
[2.6869006122026239e-05, 4.0335042830923188e-05, 2.8102236871103106e-06, 5152426.2511195196]
[2.6868960813123698e-05, 4.0335469967748548e-05, 2.8097583049802836e-06, 5151190.9145951821]
[2.6868970244954716e-05, 4.0335111039632736e-05, 2.8092128782168714e-06, 5152373.6386809647]
[2.6868955995638505e-05, 4.0335039820232594e-05, 2.8095159034230063e-06, 5151815.7245171098]
[2.6868959815300346e-05, 4.0334712800509823e-05, 2.8098874470806327e-06, 5151474.5105677126]
[2.6868963899169403e-05, 4.0334906728735948e-05, 2.8098532705841614e-06, 5150844.224841929]
[2.6869033433215641e-05, 4.0334941714165527e-05, 2.8096924915026039e-06, 5151299.2917378321]
[2.6869034471712699e-05, 4.0335354294550565e-05, 2.8092935299342169e-06, 5151300.1325286757]
[2.686894748074173e-05, 4.0335203803117983e-05, 2.8100870731484667e-06, 5152360.5890814466]
[2.6868940026569335e-05, 4.0335310476339902e-05, 2.8096897673709409e-06, 5151816.0291233752]
[2.6869033911790466e-05, 4.0335600960503934e-05, 2.8096832485668999e-06, 5151671.1026756642]
[2.6869007964602329e-05, 4.0334974358413868e-05, 2.8098467108560098e-06, 5150803.5017416887]
[2.6868939229364731e-05, 4.0334703983495945e-05, 2.8098081753901737e-06, 5151968.9817522895]
[2.6868962436978378e-05, 4.0334646220824231e-05, 2.8098786448356925e-06, 5150869.2393927723]
[2.6868952054757568e-05, 4.0335299881318853e-05, 2.81006107401025e-06, 5151148.1279706033]
[2.6868973823324101e-05, 4.0334706110622301e-05, 2.8095602171933393e-06, 5152433.378346025]
[2.6868976689846378e-05, 4.0335060960699012e-05, 2.809805888242987e-06, 5151902.9560824111]
[2.6869010434813779e-05, 4.0334657402074927e-05, 2.8096265639413984e-06, 5152042.1928125313]
[2.686900886137158e-05, 4.0335047281301222e-05, 2.8101321832830165e-06, 5151254.1020843387]
[2.6869038876617586e-05, 4.0335340528420782e-05, 2.8099529636663506e-06, 5152342.1836679531]
[2.6869012441344999e-05, 4.0335328752271776e-05, 2.8097000610174185e-06, 5152254.3138081944]
[2.6868989697297007e-05, 4.0334879047405386e-05, 2.8099349602881718e-06, 5151766.6098804828]
[2.6868972471582232e-05, 4.0335449819654397e-05, 2.809462167614464e-06, 5151037.7461137362]
[2.6869011375121077e-05, 4.0334710598616316e-05, 2.8097962280341605e-06, 5150743.7151147006]
[2.6869023534954625e-05, 4.0334947106249246e-05, 2.8096365784474402e-06, 5152357.3114404827]
[2.686895323246181e-05, 4.0335204033635696e-05, 2.8093660495642719e-06, 5152572.8479469894]
[2.6868947669903099e-05, 4.0334877198122635e-05, 2.8092371940219451e-06, 5151948.7172496393]
[2.6868982017528768e-05, 4.0334866843869753e-05, 2.8101057619250913e-06, 5151777.5808761455]
[2.6869012799159024e-05, 4.0334921489161022e-05, 2.8095419665103881e-06, 5151667.4030236155]
[2.686894220931508e-05, 4.0335628073317299e-05, 2.8096060936965623e-06, 5151328.0212356634]
[2.686902070051302e-05, 4.033487000900147e-05, 2.809333596583927e-06, 5151075.6273710858]
[2.6869025934359457e-05, 4.0334857423998511e-05, 2.809222744537902e-06, 5152020.5487493984]
[2.686894382411843e-05, 4.0334815593758386e-05, 2.8101499833473184e-06, 5151883.1775710853]
[2.6869015994278997e-05, 4.0335201131795314e-05, 2.8096252400594319e-06, 5152511.6602173503]
[2.6882111035546078e-05, 4.0234384931087637e-05, 2.8126087509157537e-06, 5408271.174671812]
[2.6882109554335799e-05, 4.0234465669975895e-05, 2.812008011981958e-06, 5408000.682369642]
[2.6882148402420917e-05, 4.023423957769737e-05, 2.8128407202587041e-06, 5409902.9965339797]
[2.6864805847970031e-05, 4.0351172895847731e-05, 2.7994451967152862e-06, 5375091.0717937294]
[2.6864704956903842e-05, 4.0351217757246202e-05, 2.7994298795559733e-06, 5374793.6270072237]
[2.6864725363302289e-05, 4.0351139747239904e-05, 2.7993430060563234e-06, 5375298.6006452953]
[2.6864786862516034e-05, 4.035094317746887e-05, 2.7996614527411936e-06, 5375583.8803537292]
[2.6864742595089474e-05, 4.0351252145946158e-05, 2.8001988178653341e-06, 5375174.0306852954]
[2.6864777220556644e-05, 4.0351259104246373e-05, 2.7994303208677972e-06, 5376212.0243571037]
[2.6864728679412212e-05, 4.0350994912766367e-05, 2.7999408830025405e-06, 5375840.293125296]
[2.6864743291239971e-05, 4.0350802526084248e-05, 2.7995300809457431e-06, 5375474.5006385483]
[2.6864779909260358e-05, 4.0351032673066625e-05, 2.8003011797222187e-06, 5374504.6170568615]
[2.6864793517421499e-05, 4.0350767800232117e-05, 2.8002043768106547e-06, 5374429.1311436091]
[2.6864713601612746e-05, 4.0350497657971593e-05, 2.7993597381045672e-06, 5375182.1460510781]
[2.6864751590394253e-05, 4.0351184643537622e-05, 2.7997328201066644e-06, 5375393.9292655354]
[2.6864751058542604e-05, 4.0350865821978829e-05, 2.7999786011621472e-06, 5375649.6688443329]
[2.6864772995532647e-05, 4.0350565359804014e-05, 2.7993545094946002e-06, 5375799.9034978272]
[2.6864798432294437e-05, 4.0350740129981837e-05, 2.8002294630788742e-06, 5374456.4071913194]
[2.686477875515832e-05, 4.0350901583903873e-05, 2.7999585577717099e-06, 5375887.7149783084]
[2.686475788679825e-05, 4.0350533381292237e-05, 2.8000122728420981e-06, 5374739.532467464]
[2.6864703120285589e-05, 4.0350860297815941e-05, 2.7997393401324548e-06, 5375641.1810144531]
[2.6864746132556007e-05, 4.0350599683594915e-05, 2.8001463359307174e-06, 5374738.2283045724]
[2.6864705891940744e-05, 4.0350353043193826e-05, 2.8003008283336515e-06, 5375330.8025252949]
[2.6864753345894244e-05, 4.0350678865485058e-05, 2.7993981174894666e-06, 5374639.4036057768]
[2.6864728619490106e-05, 4.0350355069667378e-05, 2.7994412438018002e-06, 5374430.782781681]
[2.6864711526910107e-05, 4.0350445288489449e-05, 2.7994430651560219e-06, 5374406.6704168618]
[2.6864805716210143e-05, 4.0350506453882309e-05, 2.8001525986521011e-06, 5374798.1491392711]
[2.6864738168300989e-05, 4.0350645620157391e-05, 2.8000262928558522e-06, 5375590.170451561]
[2.6864802618363338e-05, 4.0350579397654263e-05, 2.800008133426944e-06, 5375038.1939556571]
[2.6870604136153164e-05, 4.0356318173448937e-05, 2.7317553222032796e-06, 5697746.9960212065]
[2.6870628433020071e-05, 4.0356854879391802e-05, 2.7313406162132541e-06, 5696139.329823616]
[2.6870566398402885e-05, 4.0356267526525575e-05, 2.7315015884078106e-06, 5696244.7761542182]
[2.6870642570168517e-05, 4.0356615870886107e-05, 2.7312951726053459e-06, 5697412.4278308451]
[2.6870604323825074e-05, 4.0356914845487456e-05, 2.7310070897379092e-06, 5697716.9229383143]
[2.6870603411817507e-05, 4.0356361314929695e-05, 2.7310365325014996e-06, 5697440.8456134954]
[2.6870597078749888e-05, 4.0356704742489536e-05, 2.7312015963876201e-06, 5697421.5306896409]
[2.6870650019757958e-05, 4.0355980345166065e-05, 2.7313508974306899e-06, 5697413.1865460258]
[2.6870646824065116e-05, 4.0356860412755141e-05, 2.7311136531133651e-06, 5697842.0234819297]
[2.6888842953659891e-05, 4.014086345489697e-05, 2.9441544911159028e-06, 5774853.534776384]
[2.6888853351691885e-05, 4.0140973684836648e-05, 2.944499498649172e-06, 5776129.0575701194]
[2.6888823197124122e-05, 4.0140178658826813e-05, 2.943841122589944e-06, 5774855.9253108427]
[2.6888828688188773e-05, 4.0140194019660979e-05, 2.9443933711223174e-06, 5776248.8977315649]
[2.6888819216027775e-05, 4.0140867069808387e-05, 2.9436824051723918e-06, 5775255.2996689137]
[2.6888844262322004e-05, 4.01404513222716e-05, 2.9437705430146359e-06, 5775577.0280804811]
[2.6888872865560315e-05, 4.0140898032190256e-05, 2.944471500550515e-06, 5775856.5590457823]
[2.6888807604773652e-05, 4.0140577632965065e-05, 2.944267988496229e-06, 5775415.4150689151]
[2.6888824679938434e-05, 4.0140424856738927e-05, 2.9440030879772312e-06, 5774431.208745542]
[2.6888794789692458e-05, 4.0141061119526033e-05, 2.9441988422785518e-06, 5776109.6495840959]
[2.6888863671813687e-05, 4.0140356839526967e-05, 2.944144017767044e-06, 5775170.4056443367]
[2.6888860124837528e-05, 4.0140614880399525e-05, 2.9439229662874398e-06, 5776094.2949725287]
[2.6888799901403209e-05, 4.0140773933083681e-05, 2.9438063433702494e-06, 5775689.4848790355]
[2.6888860094819189e-05, 4.0140683429981036e-05, 2.9438233418740367e-06, 5775996.1322645778]
[2.6888806236991449e-05, 4.0140237279279021e-05, 2.9438271308333182e-06, 5774745.9749436136]
[2.688887055368988e-05, 4.0140459682541006e-05, 2.9437066651732443e-06, 5774425.9597807219]
[2.6888877476583497e-05, 4.0140405794119036e-05, 2.94396034098111e-06, 5774452.0376530103]
[2.6888807122647038e-05, 4.0141053475047931e-05, 2.9437717623689349e-06, 5775357.0280366251]
[2.6888802563754946e-05, 4.01401532162037e-05, 2.9442597424566882e-06, 5774580.9619315648]
[2.6888805371042558e-05, 4.0141010368055665e-05, 2.9445408991365038e-06, 5776205.0279667461]
[2.6888821760941352e-05, 4.0140748743610785e-05, 2.9444429972231455e-06, 5775371.8119961442]
[2.6888814864514285e-05, 4.0140474640887356e-05, 2.9441285996775527e-06, 5775520.0695093973]
[2.6888877225437693e-05, 4.0141095667389159e-05, 2.9442177908114339e-06, 5774469.1009893967]
[2.6888797694138666e-05, 4.0140736079172297e-05, 2.9437798697901964e-06, 5775692.1397359017]
[2.6888852464546839e-05, 4.0141072489232371e-05, 2.9441804071838899e-06, 5774506.0972944573]
[2.6888839647861609e-05, 4.014081739948867e-05, 2.9442528809996336e-06, 5775639.7683542157]
[2.6888807758417138e-05, 4.014061232121884e-05, 2.9444671512934714e-06, 5774630.7616091557]
[2.6888804071317203e-05, 4.0141127515310235e-05, 2.9444659015678515e-06, 5775705.4344852995]
[2.6888791427867581e-05, 4.0140417335540677e-05, 2.9436710940700596e-06, 5774499.0181069868]
[2.6888788565126243e-05, 4.0140270410188448e-05, 2.9437205779055848e-06, 5775942.0383710843]
[2.6888876637444877e-05, 4.0140594357267869e-05, 2.944326965119741e-06, 5775670.2014067452]
[2.6888846587368429e-05, 4.0140639220522317e-05, 2.9438300717979292e-06, 5775889.9343277104]
[2.6888841070524669e-05, 4.0140662171463541e-05, 2.9441344028760213e-06, 5774746.8196120467]
[2.6888798318680531e-05, 4.0140302073030325e-05, 2.9438108231989893e-06, 5775161.0220910832]
[2.6888861827633564e-05, 4.0141131232903058e-05, 2.9437415378784211e-06, 5776008.6396477101]
[2.6875713889776913e-05, 4.0291116615817471e-05, 2.688430160239757e-06, 5500061.0161007224]
[2.6875747631650825e-05, 4.0290995704175085e-05, 2.6889550386771823e-06, 5498623.1325667463]
[2.687571676053842e-05, 4.0290922889584079e-05, 2.6885521086180819e-06, 5499579.0811657822]
[2.6875685570796238e-05, 4.0291076772358854e-05, 2.6887170957734695e-06, 5500187.8292467464]
[2.6875740132565491e-05, 4.0291322646241116e-05, 2.6885970841910428e-06, 5499844.3428139752]
[2.6875689075494662e-05, 4.0291419285540421e-05, 2.6890103153709355e-06, 5500100.5724771079]
[2.6875707346580918e-05, 4.0291428929894178e-05, 2.6887947717623002e-06, 5499671.6543272287]
[2.6875699500336929e-05, 4.0290772233834051e-05, 2.6880853809693759e-06, 5499684.8527831323]
[2.6875744262034929e-05, 4.0290663129158087e-05, 2.6888074931722229e-06, 5500089.7505532531]
[2.6875688134614492e-05, 4.0291436593068811e-05, 2.6887708279498676e-06, 5498609.7919325298]
[2.6875720184004009e-05, 4.0291335466723896e-05, 2.6882433729040731e-06, 5498835.8110737344]
[2.6875716585355055e-05, 4.0290650456818848e-05, 2.6881211348407623e-06, 5500115.6713831313]
[2.6875704872244814e-05, 4.0290659702708397e-05, 2.6889548517274105e-06, 5500177.4297648184]
[2.6875713884621091e-05, 4.0290646540231979e-05, 2.6886569499228866e-06, 5499518.7064375896]
[2.6875764424505723e-05, 4.0291354444726585e-05, 2.6888276272589328e-06, 5499777.2038448183]
[2.6875700439383916e-05, 4.0291442954896942e-05, 2.6890464724332214e-06, 5500010.9824751792]
[2.6875689719399499e-05, 4.0290596664439131e-05, 2.6887255784824628e-06, 5499416.1945812041]
[2.6875762018226462e-05, 4.0291401133326145e-05, 2.6884767593013039e-06, 5498496.1520380722]
[2.6875688183995805e-05, 4.0290986632542195e-05, 2.6888942099830989e-06, 5498739.3366255416]
[2.6875681009612667e-05, 4.0290558998982196e-05, 2.6886010810995103e-06, 5498546.4618342156]
[2.6875685228105956e-05, 4.0291075740283468e-05, 2.6883631667174826e-06, 5498672.5156187946]
[2.6875706429990401e-05, 4.0291108915999921e-05, 2.6885603651082598e-06, 5498754.4495339748]
[2.6875749290106794e-05, 4.0290939134573726e-05, 2.688921875240438e-06, 5498500.4404375888]
[2.6875707209665212e-05, 4.029137643069032e-05, 2.688276090395913e-06, 5500052.9978901194]
[2.6875761123519543e-05, 4.0290566382776409e-05, 2.6888483211841744e-06, 5500243.6490987949]
[2.6875759368936143e-05, 4.0290869129351722e-05, 2.6887018599691351e-06, 5499528.9939002404]
[2.6875773280374171e-05, 4.0290968531961672e-05, 2.6882643308573542e-06, 5499991.63890024]
[2.687570721928941e-05, 4.0290657583788686e-05, 2.6880778224228964e-06, 5499694.2764048185]
[2.6875728377177511e-05, 4.0290710178036904e-05, 2.6890336612129009e-06, 5499857.6209759032]
[2.687571597754097e-05, 4.02909065262127e-05, 2.6889667196361557e-06, 5499320.8739315653]
[2.6875740696154089e-05, 4.0291203609756833e-05, 2.6885971282668087e-06, 5499153.1644862648]
[2.6875757753101632e-05, 4.0290826498681772e-05, 2.6882441862393909e-06, 5499885.4172669873]
[2.687569230704911e-05, 4.0291445140986921e-05, 2.6890177026519651e-06, 5498501.9098289143]
[2.6875782328497482e-05, 4.029089628752265e-05, 2.6883221401142855e-06, 5499320.3289146982]
[2.6875688506864815e-05, 4.0290746850042729e-05, 2.6881762272051427e-06, 5499875.2898626504]
[2.6875682105167484e-05, 4.0290644247805469e-05, 2.6889742837013721e-06, 5499873.7291325293]
[2.6875730636916863e-05, 4.0291097426349131e-05, 2.6887711846947107e-06, 5498379.2454891559]
[2.6875770909612794e-05, 4.0291455897371094e-05, 2.6890902602083113e-06, 5499118.066046264]
[2.6875722413152152e-05, 4.0290944166499157e-05, 2.6881250540252185e-06, 5499979.2189783128]
[2.6875726564390611e-05, 4.0290661333142107e-05, 2.6883072296035639e-06, 5499921.3140597586]
[2.6875769103814899e-05, 4.0290890579404577e-05, 2.6883517123790304e-06, 5499485.7826795178]
[2.6875771582161088e-05, 4.0291122030775395e-05, 2.6885376668490978e-06, 5499996.2002390353]
[2.6875689736241852e-05, 4.0291210129552922e-05, 2.6882070814300841e-06, 5499616.9318332523]
[2.6875695370409199e-05, 4.0290857182031277e-05, 2.6887718381654481e-06, 5499513.1636375897]
[2.6875733420716841e-05, 4.0290781661306999e-05, 2.6889349582418327e-06, 5498621.3857122883]
[2.6875760797213317e-05, 4.0290894385142474e-05, 2.6885908989749474e-06, 5500191.5153272282]
[2.6875683167381321e-05, 4.029088515857315e-05, 2.6880849179623916e-06, 5499608.1997151803]
[2.6875719778527277e-05, 4.0291048115225045e-05, 2.6884937523141429e-06, 5499666.6862722877]
[2.6875718669681897e-05, 4.0291368344428598e-05, 2.688507354533593e-06, 5499676.6111802403]
[2.6875738876607335e-05, 4.0290462071740695e-05, 2.6890926307250102e-06, 5499212.5135918064]
[2.6875703755264692e-05, 4.0291158418929278e-05, 2.6880768782641878e-06, 5499116.8209089153]
[2.6875688716534899e-05, 4.0290696925789223e-05, 2.6882780933536348e-06, 5498953.4498409629]
[2.6875682126363639e-05, 4.0290948187815525e-05, 2.688770125379425e-06, 5498606.3988255421]
[2.6875737491868206e-05, 4.0290989095608025e-05, 2.688973399321879e-06, 5498698.4388183123]
[2.6875770732596251e-05, 4.0291086905921869e-05, 2.6887063860358353e-06, 5499163.3767667459]
[2.6875743540678188e-05, 4.0291240316809032e-05, 2.6884934422662897e-06, 5499941.345476144]
[2.6875719220438227e-05, 4.0290821654310232e-05, 2.6888625133231554e-06, 5499213.0008756611]
[2.6875777628794168e-05, 4.0290839410940566e-05, 2.6883463954936203e-06, 5498318.633150843]
[2.6875746641274767e-05, 4.0290556591160967e-05, 2.6889205449540464e-06, 5499552.9903681912]
[2.6875681411537607e-05, 4.0290763028658183e-05, 2.6884208115439558e-06, 5499512.5178033728]
[2.687576702407101e-05, 4.0290840625095963e-05, 2.6888560738177667e-06, 5498628.2382761436]
[2.6875750616986145e-05, 4.0291115224353697e-05, 2.6889719078119229e-06, 5498980.3217575904]
[2.687577641786352e-05, 4.0290768660362203e-05, 2.6883167170788089e-06, 5499871.6029204819]
[2.6875705406387937e-05, 4.0291224432313491e-05, 2.6886686872873261e-06, 5499452.312396626]
[2.6875717565992339e-05, 4.0291249345079439e-05, 2.6887244391978313e-06, 5499534.9716366259]
[2.6875750773837697e-05, 4.0291252676242726e-05, 2.688365004898688e-06, 5499857.4958159029]
[2.6875682739906419e-05, 4.0290907002320968e-05, 2.6890601690418096e-06, 5499857.9598342162]
[2.687569323452414e-05, 4.0290511728273554e-05, 2.6885835696037634e-06, 5500091.3731093965]
[2.6875694979025046e-05, 4.029068360098205e-05, 2.6887294362916879e-06, 5500226.3285489148]
[2.6875714927242809e-05, 4.0290769348707248e-05, 2.6886585182009762e-06, 5499803.7420732519]
[2.6875759277162515e-05, 4.0290536015512211e-05, 2.6884001991515905e-06, 5499912.6439831322]
[2.6875738781511067e-05, 4.0291205664016753e-05, 2.6889202298813842e-06, 5499105.4744332517]
[2.687571982905433e-05, 4.0290541828662797e-05, 2.6887328687385212e-06, 5499967.2098655412]
[2.6875740040791867e-05, 4.0290639837727047e-05, 2.6880873267721592e-06, 5499701.6326245777]
[2.68757076481392e-05, 4.0290606884159336e-05, 2.6881095216876398e-06, 5499463.3669759026]
[2.6875772750011982e-05, 4.0290818133450068e-05, 2.688821970692285e-06, 5499896.1039060233]
[2.6875783828383292e-05, 4.0291414121444525e-05, 2.6885398585587835e-06, 5499796.2240718063]
[2.6875714792733151e-05, 4.0290775497153651e-05, 2.6886848274064326e-06, 5500152.4931966253]
[2.6875715927701358e-05, 4.0290810317776165e-05, 2.6889101269579713e-06, 5499943.4613479506]
[2.6875709597383514e-05, 4.0290540865521846e-05, 2.6884295698631308e-06, 5498382.5491961436]
[2.6875782897814766e-05, 4.0291475567320988e-05, 2.6883515797692755e-06, 5499186.2900944576]
[2.6875738592235125e-05, 4.0291178842137034e-05, 2.6881011938842199e-06, 5498570.1075956617]
[2.6875751939740836e-05, 4.0290449082183816e-05, 2.6891058758457811e-06, 5500149.375398553]
[2.6875732125574439e-05, 4.0291206805451722e-05, 2.6885100802152615e-06, 5499843.3697542166]
[2.6875764850032873e-05, 4.029141634444328e-05, 2.6886752769289079e-06, 5499795.3410583129]
[2.6875692245752118e-05, 4.0291264680011433e-05, 2.6880881037182952e-06, 5499888.3612197591]
[2.6875681859864946e-05, 4.0291448764516715e-05, 2.6882904000425677e-06, 5498390.3959310846]
[2.6875695847379987e-05, 4.0290741084333706e-05, 2.6885516934560561e-06, 5500101.5300265048]
[2.6875721401809088e-05, 4.0291416031645872e-05, 2.6889577253056157e-06, 5500171.7874399992]
[2.6875722592460171e-05, 4.029052126087736e-05, 2.6886412312001375e-06, 5499053.6049840963]
[2.687569173704438e-05, 4.0290964177297527e-05, 2.6886668875998667e-06, 5499332.5054101199]
[2.6875757450626759e-05, 4.0291256658564489e-05, 2.6887996789380986e-06, 5500247.8149233731]
[2.6875689769697403e-05, 4.0291457422858337e-05, 2.6882764490704301e-06, 5500193.6070718067]
[2.6870030725910726e-05, 4.038267439909416e-05, 2.844940311045264e-06, 5616699.0291392766]
[2.6870036674697769e-05, 4.0382780453014858e-05, 2.8452147637266282e-06, 5615906.3301103599]
[2.6869970946220793e-05, 4.0382998084559276e-05, 2.845743704222598e-06, 5616214.8951797588]
[2.6869943231960711e-05, 4.038286420008568e-05, 2.8457858552451995e-06, 5615129.3355378313]
[2.686997862988454e-05, 4.0383062844304897e-05, 2.8449631902574649e-06, 5616433.4986448186]
[2.6870038329143657e-05, 4.0383093397574853e-05, 2.8450771193051663e-06, 5616379.2216428909]
[2.6870001440614496e-05, 4.0382459347076056e-05, 2.8451616998794929e-06, 5615950.9079662645]
[2.6869939931318253e-05, 4.0382683315597255e-05, 2.8456767562796099e-06, 5615820.2859493969]
[2.6869956419750526e-05, 4.0382899313749691e-05, 2.8455515868661245e-06, 5615683.926391325]
[2.6869997822144274e-05, 4.0382775275840122e-05, 2.845045978643153e-06, 5615310.7294303607]
[2.6869944431892273e-05, 4.0382705608299478e-05, 2.8455344915004258e-06, 5616128.3368072277]
[2.6869972826377095e-05, 4.0382998882921785e-05, 2.845230651952399e-06, 5616016.8970144568]
[2.6869957796240336e-05, 4.0382647150705515e-05, 2.8455332377551835e-06, 5615407.6959016854]
[2.6869951071903141e-05, 4.038223268376968e-05, 2.8451605206182996e-06, 5616589.9615701195]
[2.6869952119795254e-05, 4.0382335166609548e-05, 2.8450279532826104e-06, 5616363.5540236142]
[2.6869998003858343e-05, 4.0383013136679681e-05, 2.8459178271302992e-06, 5616246.8379074698]
[2.6870021264061372e-05, 4.0382521602436591e-05, 2.8455263526939241e-06, 5616061.2708660234]
[2.6869971358113657e-05, 4.0382563371386746e-05, 2.8449022221258283e-06, 5616895.8241744572]
[2.6869978019435257e-05, 4.0382675041134611e-05, 2.8455006205218827e-06, 5615840.5959060229]
[2.6870004765775751e-05, 4.0382972368793727e-05, 2.8455456474745017e-06, 5615643.3883383134]
[2.6870015841397288e-05, 4.0382611549798073e-05, 2.8455294527391576e-06, 5616542.6758636143]
[2.6870013119581741e-05, 4.0382637212514701e-05, 2.8456004870017073e-06, 5615651.0577812046]
[2.6870010434200669e-05, 4.0382893988695701e-05, 2.8452371661151946e-06, 5616056.2855773494]
[2.6869986077297083e-05, 4.0382365123376779e-05, 2.8455036411701974e-06, 5616697.7409175895]
[2.6869288452366386e-05, 4.0274428492664935e-05, 2.9015169828399179e-06, 5265116.2257971037]
[2.6869280190219445e-05, 4.0273519586944324e-05, 2.9018142683145558e-06, 5265420.0951045733]
[2.6869261944224852e-05, 4.027382617681814e-05, 2.902083665829203e-06, 5266097.8035450568]
[2.6871896808022986e-05, 4.0355068772627657e-05, 2.9958346433995986e-06, 5383688.5856901249]
[2.6871859481821852e-05, 4.0354719924007053e-05, 2.9960698431154777e-06, 5383214.4535441007]
[2.6871922917791365e-05, 4.035494910547487e-05, 2.9961931250133329e-06, 5382486.9107431369]
[2.6871883263221163e-05, 4.0354972735861349e-05, 2.9960257080651511e-06, 5383533.4661344616]
[2.687191439567644e-05, 4.035505420920161e-05, 2.9956181059075277e-06, 5383089.3297349438]
[2.6871910069483763e-05, 4.0355243288156279e-05, 2.9959778029834048e-06, 5383265.6114554256]
[2.6871847128816853e-05, 4.0355215626741867e-05, 2.9955944766625484e-06, 5384024.0754544614]
[2.687187019172377e-05, 4.0354615660054384e-05, 2.9958162014135545e-06, 5383468.018225546]
[2.6871922703194609e-05, 4.0354813244376369e-05, 2.9954423195572389e-06, 5383740.8691797638]
[2.6871860047816497e-05, 4.0354695226595931e-05, 2.9959059191170129e-06, 5383017.5591995213]
[2.6871899330250946e-05, 4.0355204901664757e-05, 2.9959872629210847e-06, 5384080.7604400041]
[2.6871878080245502e-05, 4.0354913906068411e-05, 2.9954334169238053e-06, 5382761.8034640998]
[2.6871871932787464e-05, 4.0354963973658479e-05, 2.9963739082621216e-06, 5382925.360656389]
[2.6871841835964898e-05, 4.0354999638869999e-05, 2.9958825927109672e-06, 5383184.4687841004]
[2.6871898968197691e-05, 4.0355110798317484e-05, 2.9954286373730403e-06, 5383959.9633754259]
[2.6871868469335611e-05, 4.0354691270090513e-05, 2.9963989311233092e-06, 5382230.0313681969]
[2.6871885580247423e-05, 4.0355265098508089e-05, 2.9956356713400597e-06, 5383478.7938337391]
[2.6871860951918469e-05, 4.0354731737705978e-05, 2.9957541007174078e-06, 5383120.2884163894]
[2.6871875835859042e-05, 4.0355041068302726e-05, 2.995456609845565e-06, 5382986.4236568715]
[2.6871870254853942e-05, 4.0355426021957087e-05, 2.9957571728612727e-06, 5382852.2764795227]
[2.6871843209819514e-05, 4.0355108268900609e-05, 2.99551076503589e-06, 5382689.2948939791]
[2.6871907213043984e-05, 4.0355041725265687e-05, 2.99642175790838e-06, 5382509.8514294019]
[2.6871914278123706e-05, 4.0354855638663776e-05, 2.9956783001563966e-06, 5383577.9041816909]
[2.6871908524570443e-05, 4.0354832432926911e-05, 2.9959680910607629e-06, 5384072.5041884379]
[2.6871846782803931e-05, 4.035483855321741e-05, 2.9957605418653764e-06, 5383330.4191310881]
[2.6871924455257388e-05, 4.0354869636929769e-05, 2.9959681118393481e-06, 5382933.3021768723]
[2.6871916589879568e-05, 4.0354638935387685e-05, 2.9962570061006539e-06, 5382278.5467016911]
[2.6871893916179899e-05, 4.0354616096854225e-05, 2.9959624750938641e-06, 5383223.4672183171]
[2.6871933959384478e-05, 4.0354889885942082e-05, 2.9960691418317903e-06, 5383962.2722650645]
[2.6871924885023766e-05, 4.0354685890158729e-05, 2.9961088813094024e-06, 5382778.3413869916]
[2.687187070077523e-05, 4.0354464640570634e-05, 2.9958857879758889e-06, 5383268.9399359068]
[2.6871834817860444e-05, 4.0354861792594345e-05, 2.9958832323297967e-06, 5382756.2005614499]
[2.6871912944942796e-05, 4.0354936662941674e-05, 2.9960723920118744e-06, 5383628.1519363895]
[2.6871893704676636e-05, 4.0354810786539849e-05, 2.9954811148307177e-06, 5382778.0798650635]
[2.6871847516878364e-05, 4.0354955568186678e-05, 2.9958315303978061e-06, 5383113.9981031362]
[2.6871895487445197e-05, 4.0354461443154744e-05, 2.9954242958872872e-06, 5383496.9726236183]
[2.6871888772617626e-05, 4.0355455298523129e-05, 2.995953129662713e-06, 5382354.9143359084]
[2.6871891892118886e-05, 4.0355169299169324e-05, 2.9955424132978803e-06, 5383080.6245445823]
[2.6871877407353486e-05, 4.0355383417797453e-05, 2.9964361360038638e-06, 5383590.4759759074]
[2.6871914429819436e-05, 4.0354968679285622e-05, 2.9962987434028114e-06, 5383597.5969551848]
[2.6871856673617648e-05, 4.035444366708224e-05, 2.9963123030548516e-06, 5383172.0258120522]
[2.6871911032934971e-05, 4.0354847189899925e-05, 2.9956174899602787e-06, 5383675.7469884381]
[2.6871838198017129e-05, 4.0354902823669991e-05, 2.9959912068164676e-06, 5383314.2006785581]
[2.6871839326340059e-05, 4.0355013915743899e-05, 2.9958934504961129e-06, 5383204.6529344618]
[2.6871916941735754e-05, 4.0354751247077167e-05, 2.9955974467428005e-06, 5383547.6077065105]
[2.6871918807570331e-05, 4.0355036110118783e-05, 2.9956833063561835e-06, 5383016.0999330161]
[2.6871871569703044e-05, 4.0354878278175881e-05, 2.9957567468112752e-06, 5383177.4828742212]
[2.6871919321548463e-05, 4.035503681802043e-05, 2.9960252331995027e-06, 5383980.0979787987]
[2.6871870850981504e-05, 4.0355175805340476e-05, 2.9955363719486039e-06, 5383176.2558322931]
[2.6871873234460572e-05, 4.0355411527330715e-05, 2.9958840990155935e-06, 5383830.0238144621]
[2.6871915884792311e-05, 4.0355292995110584e-05, 2.9964091153418091e-06, 5383767.5644506067]
[2.6871873617709984e-05, 4.0354675155206909e-05, 2.9957799509413269e-06, 5383330.1578245815]
[2.6871875751647287e-05, 4.0354738547777507e-05, 2.9961250121805481e-06, 5382381.1190915704]
[2.6871843913761031e-05, 4.0355245167158997e-05, 2.9957019097164154e-06, 5383226.7399045816]
[2.6871900586209107e-05, 4.0355365758628329e-05, 2.9955772632999123e-06, 5382735.1769127753]
[2.6871904350990088e-05, 4.0354867770415685e-05, 2.9957524188443662e-06, 5383780.8609233778]
[2.6871846797354805e-05, 4.0354546957373131e-05, 2.9955785409690902e-06, 5383534.8596973531]
[2.6871858712687831e-05, 4.035532395451827e-05, 2.9959209748264162e-06, 5382419.9488506066]
[2.6871912672944558e-05, 4.0354906274469201e-05, 2.9957348942683054e-06, 5383419.7928496432]
[2.6871909648424992e-05, 4.0354750298848245e-05, 2.9961571698794165e-06, 5382214.3519007266]
[2.687183105433977e-05, 4.0355456110874292e-05, 2.9962600940319733e-06, 5383070.326310847]
[2.6871922669280762e-05, 4.0354944138217673e-05, 2.9961552194557953e-06, 5383466.3508616909]
[2.6871846694696669e-05, 4.0354660436549592e-05, 2.9954734166731397e-06, 5383505.7863865104]
[2.68718922893463e-05, 4.0354623184920267e-05, 2.9958227189926546e-06, 5384072.4479633784]
[2.687189737161158e-05, 4.0355370234299018e-05, 2.9958383079085677e-06, 5383787.8190438589]
[2.6871911561922277e-05, 4.0355236941785171e-05, 2.9961153345282783e-06, 5382485.5811604857]
[2.6871865646924256e-05, 4.0354918972718391e-05, 2.9961950689563113e-06, 5382997.740188919]
[2.6871840914562282e-05, 4.035470322351112e-05, 2.9961437636252048e-06, 5383342.7703334978]
[2.6871854408149605e-05, 4.0354553884469553e-05, 2.9961981022777153e-06, 5383787.165885305]
[2.6871906642122666e-05, 4.0355278978261671e-05, 2.9963131943061789e-06, 5383074.7510722931]
[2.687190950085392e-05, 4.0354556277370677e-05, 2.9957515926231595e-06, 5384033.1643108474]
[2.6871923492035326e-05, 4.0354985041435816e-05, 2.9955947911577455e-06, 5383627.364570125]
[2.6871920439674322e-05, 4.0354669404752793e-05, 2.996314210026566e-06, 5382201.1771412091]
[2.6871871932100019e-05, 4.035545696492448e-05, 2.9954129575592963e-06, 5382911.0376992812]
[2.6871850682209147e-05, 4.035457359945423e-05, 2.99595271300878e-06, 5382331.2474631369]
[2.687192641446962e-05, 4.0354456905082203e-05, 2.9956248135594999e-06, 5383741.7881686781]
[2.6871927627920896e-05, 4.035527556431038e-05, 2.9963343821692999e-06, 5382427.2850361494]
[2.6871926330487015e-05, 4.0354829077636256e-05, 2.9960085500699603e-06, 5382281.6287397631]
[2.6871882029948622e-05, 4.0355058348533005e-05, 2.9958159022422409e-06, 5382326.8800038593]
[2.6871873997865902e-05, 4.0355149765407719e-05, 2.9959406144698959e-06, 5384038.2484780764]
[2.6871877035676031e-05, 4.035456088408151e-05, 2.9955517957981006e-06, 5383169.8026602445]
[2.6871903317992575e-05, 4.0354807312230345e-05, 2.9960451960820206e-06, 5382884.2739243414]
[2.6871882325205341e-05, 4.035538106981309e-05, 2.9958615625793427e-06, 5382355.9623624133]
[2.687189156879158e-05, 4.0354854984859624e-05, 2.9954195921654883e-06, 5383378.419175907]
[2.6871928275835818e-05, 4.0354462739125216e-05, 2.9961180679460418e-06, 5382774.0040867506]
[2.6871920113253523e-05, 4.035483909780672e-05, 2.9961339346081701e-06, 5383120.0872125337]
[2.6871845925333502e-05, 4.0355396065274913e-05, 2.9954883754151455e-06, 5382976.8787527755]
[2.6871906397622144e-05, 4.0355353442002718e-05, 2.9961078476727138e-06, 5383223.69104145]
[2.6871902425462557e-05, 4.0355363640233846e-05, 2.9962553684860071e-06, 5383625.9955653055]
[2.6871910789465617e-05, 4.0355222450534246e-05, 2.9960417880899216e-06, 5383322.7197445827]
[2.6871906903694683e-05, 4.0355173760128467e-05, 2.9954162016479823e-06, 5382396.3194612088]
[2.6871910415496684e-05, 4.0354815353093737e-05, 2.9960377465982375e-06, 5382619.4273937382]
[2.6871877127907951e-05, 4.0354689117033626e-05, 2.9960578785058886e-06, 5382787.93885398]
[2.6871852111861209e-05, 4.0355387013336189e-05, 2.9961752933071874e-06, 5382978.7647696426]
[2.6871906113937379e-05, 4.0355460517875464e-05, 2.9958605570115844e-06, 5382651.7124265097]
[2.6871880108660319e-05, 4.0354647184374241e-05, 2.9959215331851276e-06, 5383292.1007831367]
[2.687186270913707e-05, 4.0354574144048426e-05, 2.9964561620778576e-06, 5384122.6838698834]
[2.6871875355451035e-05, 4.0354454496719557e-05, 2.9954813002833735e-06, 5382301.117078077]
[2.6871895974383909e-05, 4.0354753548865098e-05, 2.9962261362061032e-06, 5382910.8143069921]
[2.6871910624708469e-05, 4.0355144873943993e-05, 2.9961470349489426e-06, 5382449.4426645823]
[2.6871871247521476e-05, 4.035455837731128e-05, 2.9959067351902376e-06, 5383286.5276086787]
[2.6871919065361414e-05, 4.0355122426177359e-05, 2.9963864562194622e-06, 5383961.3554303655]
[2.6871898009329435e-05, 4.0354993275308628e-05, 2.9958633101157624e-06, 5383954.192013016]
[2.6871837996710937e-05, 4.0355277089058474e-05, 2.9955777993382294e-06, 5383051.2670925334]
[2.6871835547924792e-05, 4.0354536662242674e-05, 2.9963664472616719e-06, 5382995.968776389]
[2.6871925846985518e-05, 4.0355172976965965e-05, 2.9956799597951524e-06, 5382556.7325739805]
[2.6871933599508127e-05, 4.0355244237264184e-05, 2.9959624463895781e-06, 5383945.2832491612]
[2.6871871709368524e-05, 4.0354452759009388e-05, 2.9960723710890293e-06, 5383050.1878298838]
[2.6871878880543596e-05, 4.0354781576856403e-05, 2.9962094417657149e-06, 5382510.1125204852]
[2.6871925404959738e-05, 4.0355262094776562e-05, 2.9962209192683421e-06, 5383037.2767465096]
[2.6871931301271975e-05, 4.0355264475276263e-05, 2.9956802304671158e-06, 5383407.7626255462]
[2.6871848847882369e-05, 4.035445274819004e-05, 2.996187308979588e-06, 5383018.6500949431]
[2.6871904187034961e-05, 4.0355228381198754e-05, 2.9957392508297474e-06, 5383236.4513296429]
[2.6871902646933741e-05, 4.0355040610529976e-05, 2.9958434794499863e-06, 5383304.7649932578]
[2.6871880317642957e-05, 4.0355392332939928e-05, 2.9954404085702893e-06, 5383982.5068241004]
[2.6871894148650169e-05, 4.0354558634947952e-05, 2.9954994046121866e-06, 5383736.794478558]
[2.6871913897967788e-05, 4.0354466511984967e-05, 2.9955859263585297e-06, 5383561.3035710882]
[2.6871883548395391e-05, 4.0355046381039291e-05, 2.995542091273046e-06, 5384038.6907387991]
[2.6871844192748272e-05, 4.0355326538369263e-05, 2.9958175289937677e-06, 5383269.0463542212]
[2.687186339062212e-05, 4.0354731439831731e-05, 2.9958272324290254e-06, 5383763.868460726]
[2.6871891606486363e-05, 4.0354562395318846e-05, 2.9960777581789844e-06, 5383062.3539850637]
[2.687191522278481e-05, 4.0354941152559342e-05, 2.9962291958626877e-06, 5382354.4968486782]
[2.6871921574527961e-05, 4.0354562922772069e-05, 2.9959046249717211e-06, 5383310.6705633774]
[2.6871848326571514e-05, 4.0355243856303215e-05, 2.9958510418997122e-06, 5383676.3997161482]
[2.6871929206404343e-05, 4.0354532193302055e-05, 2.9959293372302807e-06, 5382193.7946400046]
[2.6871837242929809e-05, 4.0355104863317108e-05, 2.9956879590227395e-06, 5383221.97973157]
[2.687187249282427e-05, 4.0354644765094194e-05, 2.9956629356247981e-06, 5383579.6661156667]
[2.6871856632027354e-05, 4.0355206099995566e-05, 2.9960620595230967e-06, 5382710.0673609674]
[2.687183860555619e-05, 4.0355441073486683e-05, 2.9959895611984555e-06, 5382392.8197204852]
[2.6871843776616174e-05, 4.0354450845117431e-05, 2.9954295479251119e-06, 5383303.5842669923]
[2.6871920693799043e-05, 4.0355225166583677e-05, 2.9956005813767688e-06, 5383454.8542371131]
[2.6871913655300448e-05, 4.0354541375635267e-05, 2.9954652925443883e-06, 5384115.6975291604]
[2.6871842250607536e-05, 4.0355388377499969e-05, 2.995640555551205e-06, 5384078.0321243415]
[2.687183410360728e-05, 4.0355134105608687e-05, 2.995785073650477e-06, 5383721.5116024129]
[2.6871886042552765e-05, 4.0355078942409171e-05, 2.9963016130344165e-06, 5383024.3542457866]
[2.6871887429125072e-05, 4.0354704215497229e-05, 2.9958527795766875e-06, 5383150.2512033777]
[2.6871909677526744e-05, 4.0354458155342983e-05, 2.9961693606322538e-06, 5384050.1927489201]
[2.6871854073708641e-05, 4.0355414228603413e-05, 2.9957308539962674e-06, 5382965.8433460286]
[2.6871910586326242e-05, 4.0355418176266038e-05, 2.9956896783515094e-06, 5383943.238681932]
[2.6871860384090644e-05, 4.0354588790809579e-05, 2.9954815891205353e-06, 5383683.2973031364]
[2.687188069860089e-05, 4.0354504715072972e-05, 2.9955520371294992e-06, 5382205.5924241012]
[2.6871875315464774e-05, 4.0354572479099255e-05, 2.9956788646738092e-06, 5383028.7667281963]
[2.6871887015628175e-05, 4.0354583759807631e-05, 2.996337559759717e-06, 5383666.422245305]
[2.6871930900836492e-05, 4.0355188128935216e-05, 2.9960517423181867e-06, 5382470.5688539799]
[2.6871907998447485e-05, 4.0354881811083721e-05, 2.995892188159332e-06, 5383894.8286896432]
[2.6871832430256715e-05, 4.0355401111182947e-05, 2.9955589979162398e-06, 5382640.6119624134]
[2.6871854692865538e-05, 4.0354936766405413e-05, 2.9961285012584077e-06, 5383134.0196101246]
[2.6871896618861619e-05, 4.0354964702079227e-05, 2.9963314555592047e-06, 5382229.9977624137]
[2.6871920572236225e-05, 4.0354647496727507e-05, 2.9963076649232437e-06, 5383221.9379397631]
[2.6871931046574382e-05, 4.0355395178458197e-05, 2.9960792323034526e-06, 5383660.5181831364]
[2.6871907044047609e-05, 4.0355213811232461e-05, 2.9956824955780433e-06, 5382417.5656404858]
[2.6871895591134498e-05, 4.0355445207799259e-05, 2.9961457309153674e-06, 5382535.9101291606]
[2.6871929366693111e-05, 4.0354594799981722e-05, 2.9957595602829687e-06, 5383272.499133016]
[2.6871837872054626e-05, 4.0355085679459264e-05, 2.9963005944821124e-06, 5383282.4871595223]
[2.6871889642805751e-05, 4.0354965714921076e-05, 2.995622027359436e-06, 5383237.9202901246]
[2.687187467442428e-05, 4.0354461924356974e-05, 2.9960057781932741e-06, 5382532.4834163897]
