[2.6877246023150576e-05, 4.0347085377485984e-05, 2.8654805777163875e-06, 5632112.5771995196]
[2.6877217578253273e-05, 4.0346704387822426e-05, 2.8661979701785993e-06, 5631735.376411085]
[2.6877259811765476e-05, 4.03472399158082e-05, 2.8652825893611585e-06, 5631234.3396043386]
[2.6877223496563684e-05, 4.0346938713086778e-05, 2.8656685357426148e-06, 5632278.9792506034]
[2.6877252453033064e-05, 4.034681230340125e-05, 2.8656710975355574e-06, 5632539.3650443386]
[2.6877241220674549e-05, 4.0346612005703626e-05, 2.8654166562889729e-06, 5632434.4585604826]
[2.6877250600145331e-05, 4.0346577622274403e-05, 2.865868223957827e-06, 5632373.7484207246]
[2.6877219842919301e-05, 4.0346745245455268e-05, 2.8654664624581385e-06, 5632519.341383134]
[2.6877230771886352e-05, 4.0346599944709475e-05, 2.865617235582173e-06, 5631135.8496708442]
[2.687722834865017e-05, 4.0346672652980573e-05, 2.8659216335722817e-06, 5632182.3406510856]
[2.6877255152392145e-05, 4.0346573701683188e-05, 2.8662101984910946e-06, 5631731.0016274713]
[2.687720775297578e-05, 4.0347294441809264e-05, 2.8662423986929158e-06, 5631206.7395624118]
[2.6877210787921562e-05, 4.0347323943513546e-05, 2.865735822248013e-06, 5631256.7973151812]
[2.6877197156272787e-05, 4.034695573960704e-05, 2.8656584804734136e-06, 5631179.1229330134]
[2.6877220814161529e-05, 4.0346770970678307e-05, 2.8657842423140196e-06, 5630827.7346173506]
[2.6877267340983718e-05, 4.0346464569367889e-05, 2.8652958127846485e-06, 5632592.8107339777]
[2.6877256707617108e-05, 4.0347127629184373e-05, 2.8654581602410234e-06, 5630973.0798448203]
[2.6877236256649447e-05, 4.0347332076734951e-05, 2.8656085496568246e-06, 5630737.2355359057]
[2.6877212087876064e-05, 4.0346845718271147e-05, 2.8661268956964358e-06, 5631897.0921787964]
[2.6877272811539659e-05, 4.0346447930392325e-05, 2.8656823907761018e-06, 5631505.1319889175]
[2.6877258065431387e-05, 4.0346587021295881e-05, 2.8660850237567722e-06, 5631720.8908106033]
[2.6877188487045084e-05, 4.0346478117622285e-05, 2.8659191110004472e-06, 5632114.6290910859]
[2.6877200172657611e-05, 4.0346982964887061e-05, 2.8652402036578328e-06, 5630867.8834033748]
[2.6877275890138064e-05, 4.0346437921821083e-05, 2.8659339397170171e-06, 5632195.5660347007]
[2.6877268089036156e-05, 4.0346729788712727e-05, 2.8659320669468308e-06, 5631578.8925898802]
[2.6877274140939631e-05, 4.0346898781918238e-05, 2.8653916943693024e-06, 5631072.1068245796]
[2.6877222531623012e-05, 4.0346500600719836e-05, 2.8662660519263141e-06, 5632571.8107816884]
[2.6877261383145346e-05, 4.0346615032173678e-05, 2.8659550033677708e-06, 5632319.3531522909]
[2.6877205740257574e-05, 4.0347058611099364e-05, 2.8659983627418911e-06, 5631501.4749903632]
[2.6877224040674729e-05, 4.0346787799046351e-05, 2.865776007562391e-06, 5632521.1871161461]
[2.6869745832756577e-05, 4.0229361349291754e-05, 2.8290985084169776e-06, 5512737.9001600062]
[2.6869761878590205e-05, 4.0229242960570747e-05, 2.8287402316246665e-06, 5513509.4068650659]
[2.6869763154713353e-05, 4.0228931055634976e-05, 2.8290526285081548e-06, 5513578.2989359098]
[2.6869788162052485e-05, 4.0228960281609806e-05, 2.8292610165569244e-06, 5514170.3113368731]
[2.6869796868745828e-05, 4.0229414557494185e-05, 2.8288482455771563e-06, 5512991.242310849]
[2.6869806350416451e-05, 4.0229572390534198e-05, 2.8293675340248097e-06, 5513863.4345272351]
[2.6869724560638382e-05, 4.0229218097039612e-05, 2.8291396349674104e-06, 5513876.0978756687]
[2.6869764061221376e-05, 4.0229087232793997e-05, 2.8290882784749752e-06, 5513049.7672130186]
[2.6869820317651927e-05, 4.0228903761056201e-05, 2.8293260754618642e-06, 5513356.3202438606]
[2.6869750258055602e-05, 4.0229475693283413e-05, 2.829298807205686e-06, 5512801.2164713312]
[2.6869789236067427e-05, 4.0228852216163031e-05, 2.828799013583618e-06, 5514325.6359739825]
[2.6869802596061686e-05, 4.0228871886803866e-05, 2.8286287618458547e-06, 5514197.2243990414]
[2.686976049362193e-05, 4.02290986752264e-05, 2.8293933001015328e-06, 5513642.3789171139]
[2.6862784119893681e-05, 4.0260600525367902e-05, 2.7148461592489604e-06, 5589133.0068862643]
[2.6862735930949157e-05, 4.0260814092688543e-05, 2.7149086760496884e-06, 5589950.2984549385]
[2.6862794646706643e-05, 4.0260893569302594e-05, 2.7148849946975024e-06, 5589781.7977657821]
[2.6862817096414507e-05, 4.0261532383586299e-05, 2.7144859723900701e-06, 5588781.8548881924]
[2.6861680945423904e-05, 4.030441872462252e-05, 2.9299720729835834e-06, 5409792.676441445]
[2.6861724417708189e-05, 4.0304532198262672e-05, 2.9301392839651648e-06, 5408658.8793599987]
[2.6861708777580443e-05, 4.0304404279678764e-05, 2.9295634200923759e-06, 5408142.9627310829]
[2.6861641165509949e-05, 4.0304800016142707e-05, 2.930014075518752e-06, 5409346.2059479514]
[2.6861722268647146e-05, 4.0304219467115331e-05, 2.929795920068571e-06, 5409717.2827286739]
[2.686165192525148e-05, 4.0304900813279099e-05, 2.9301008877999418e-06, 5408254.3219561437]
[2.686170697819868e-05, 4.0304794751804351e-05, 2.9294113651436969e-06, 5409230.4710775893]
[2.6861706608698127e-05, 4.0304354593752614e-05, 2.9295615662035763e-06, 5408898.5174602401]
[2.6866215501235065e-05, 4.0217087741688296e-05, 2.8825539920881902e-06, 5574559.4710775856]
[2.6866294860329651e-05, 4.0216371474592341e-05, 2.8826041033446563e-06, 5576309.5273479475]
[2.6866255295012449e-05, 4.0216892971237823e-05, 2.8821238619207345e-06, 5575362.2720910795]
[2.6866220243101541e-05, 4.0217096127894217e-05, 2.8823433724636765e-06, 5574659.1255807187]
