[2.6866901014785917e-05, 4.016058127829726e-05, 2.7980188260373762e-06, 5468260.532149394]
[2.6866964138198064e-05, 4.0161415403697365e-05, 2.797982075629714e-06, 5468482.5519869849]
[2.6866891971703855e-05, 4.0161183070749848e-05, 2.7982502260079918e-06, 5467715.169530117]
[2.6866918236376031e-05, 4.0160971785163639e-05, 2.7986783876527596e-06, 5468365.5594848162]
[2.6866871457147726e-05, 4.0161247086320795e-05, 2.7978331696805322e-06, 5468073.0112332506]
[2.6866942448114595e-05, 4.0160998725034058e-05, 2.7984596956403793e-06, 5467728.6045190329]
[2.6866907733050699e-05, 4.0161131557722287e-05, 2.7978842775282711e-06, 5467588.840221202]
[2.6866962405154539e-05, 4.0160743132569107e-05, 2.7987727950720998e-06, 5468070.213336383]
[2.6866942468737879e-05, 4.0160549865816415e-05, 2.798305351633374e-06, 5467944.2937595146]
[2.6866895676677306e-05, 4.0160497443452852e-05, 2.7982259352177492e-06, 5467827.4511908405]
[2.6866916589721166e-05, 4.0160730999913482e-05, 2.797787011627137e-06, 5468525.9004313229]
[2.6866926772812684e-05, 4.0160573366146013e-05, 2.7978062261714738e-06, 5468504.4366761418]
[2.6866925184819611e-05, 4.016097887988425e-05, 2.7985680286100719e-06, 5468551.3645672258]
[2.6869978808487177e-05, 4.0273479451238211e-05, 2.9410973238647823e-06, 5426308.4823812013]
[2.6870012348482024e-05, 4.0273884350012395e-05, 2.9411918834621613e-06, 5426271.3217093954]
[2.6869999339541935e-05, 4.0273893374557388e-05, 2.9409601833958367e-06, 5426403.963519997]
[2.686506522969179e-05, 4.0319765340035262e-05, 2.8601595072858363e-06, 5578134.444822168]
[2.6865007496404767e-05, 4.0319424028312501e-05, 2.8602913510687757e-06, 5578350.2398346979]
[2.6865015177204167e-05, 4.0319367256598259e-05, 2.8599808604784061e-06, 5577931.1761498787]
[2.6864977110168746e-05, 4.0319875993935442e-05, 2.8597680238069648e-06, 5578524.2994804811]
[2.6871570697149366e-05, 4.0402773988638057e-05, 2.9491438256612535e-06, 5322787.4115628945]
[2.6871610839689445e-05, 4.04028160673835e-05, 2.949687880953823e-06, 5324048.9147132561]
[2.6871646696952002e-05, 4.0234358622478564e-05, 2.8168624637400709e-06, 5491868.7201691559]
[2.6871700044124246e-05, 4.0233863209084221e-05, 2.8165779153270867e-06, 5491814.6618202403]
[2.6871628877286574e-05, 4.023395391708928e-05, 2.8165647053827179e-06, 5492197.2640920477]
[2.6867098064126991e-05, 4.0429384475044902e-05, 2.7608117447936167e-06, 5737869.9925426496]
[2.6867144883685279e-05, 4.042889418515596e-05, 2.7605441444927006e-06, 5737498.0489050588]
[2.686707866826959e-05, 4.0429026116783461e-05, 2.7608438162025201e-06, 5738910.7281016856]
[2.6867136293971801e-05, 4.0428989729085851e-05, 2.7603878224876715e-06, 5737663.5825913241]
[2.6875787291337374e-05, 4.0314755188145824e-05, 2.8956959599724585e-06, 5531353.8872491512]
[2.6875711494113547e-05, 4.0315449795573308e-05, 2.8961892527774419e-06, 5529878.4042293932]
[2.6875707834396751e-05, 4.0315238883207299e-05, 2.8962893682473998e-06, 5530217.1339358985]
[2.6875792398350599e-05, 4.0315525808299302e-05, 2.895745743763765e-06, 5530087.6609783079]
[2.6875760120500894e-05, 4.0315607992480054e-05, 2.8960298481807506e-06, 5530674.7940780679]
[2.6875788025068084e-05, 4.0315066314127085e-05, 2.8955392601145025e-06, 5529811.4755118014]
